%YAML:1.0

#--------------------------------------------------------------------------------------------
# Camera Parameters. Adjust them!
#--------------------------------------------------------------------------------------------

# Camera calibration and distortion parameters (OpenCV) 
Camera.fx: 347.652079
Camera.fy: 347.652079
Camera.cx: 339.375946
Camera.cy: 198.590004

Camera.k1: 0.0
Camera.k2: 0.0
Camera.p1: 0.0
Camera.p2: 0.0

Camera.width: 672
Camera.height: 376

# Camera frames per second 
Camera.fps: 15.0

# stereo baseline times fx
Camera.bf: 41.272771

# Color order of the images (0: BGR, 1: RGB. It is ignored if images are grayscale)
Camera.RGB: 0

# Close/Far threshold. Baseline times.
ThDepth: 10000000

#--------------------------------------------------------------------------------------------
# Stereo Rectification. Only if you need to pre-rectify the images.
# Camera.fx, .fy, etc must be the same as in LEFT.P
#--------------------------------------------------------------------------------------------
LEFT.height: 376
LEFT.width: 672
LEFT.D: !!opencv-matrix
   rows: 1
   cols: 5
   dt: d
   data:[-0.174497, 0.027127, -0.000359, 0.000457, 0.000000]
LEFT.K: !!opencv-matrix
   rows: 3
   cols: 3
   dt: d
   data: [348.522264, 0.000000, 344.483596, 0.000000, 348.449870, 188.808062, 0.000000, 0.000000, 1.000000]
LEFT.R:  !!opencv-matrix
   rows: 3
   cols: 3
   dt: d
   data: [0.999873, 0.000708, 0.015892, -0.000683, 0.999999, -0.001578, -0.015893, 0.001567, 0.999872]
LEFT.P:  !!opencv-matrix
   rows: 3
   cols: 4
   dt: d
   data: [347.652079, 0.000000, 339.375946, 0.000000, 0.000000, 347.652079, 198.590004, 0.000000, 0.000000, 0.000000, 1.000000, 0.000000]

RIGHT.height: 376
RIGHT.width: 672
RIGHT.D: !!opencv-matrix
   rows: 1
   cols: 5
   dt: d
   data:[-0.174606, 0.027855, -0.000108, -0.000141, 0.000000]
RIGHT.K: !!opencv-matrix
   rows: 3
   cols: 3
   dt: d
   data: [349.569635, 0.000000, 340.836585, 0.000000, 349.390781, 206.105440, 0.000000, 0.000000, 1.000000]
RIGHT.R:  !!opencv-matrix
   rows: 3
   cols: 3
   dt: d
   data: [0.999997, -0.000440, 0.002268, 0.000436, 0.999999, 0.001573, -0.002269, -0.001572, 0.999996]
RIGHT.P:  !!opencv-matrix
   rows: 3
   cols: 4
   dt: d
   data: [347.652079, 0.000000, 339.375946, -41.272771, 0.000000, 347.652079, 198.590004, 0.000000, 0.000000, 0.000000, 1.000000, 0.000000]

#--------------------------------------------------------------------------------------------
# ORB Parameters
#--------------------------------------------------------------------------------------------

# ORB Extractor: Number of features per image
ORBextractor.nFeatures: 1200

# ORB Extractor: Scale factor between levels in the scale pyramid 	
ORBextractor.scaleFactor: 1.2

# ORB Extractor: Number of levels in the scale pyramid	
ORBextractor.nLevels: 8

# ORB Extractor: Fast threshold
# Image is divided in a grid. At each cell FAST are extracted imposing a minimum response.
# Firstly we impose iniThFAST. If no corners are detected we impose a lower value minThFAST
# You can lower these values if your images have low contrast			
ORBextractor.iniThFAST: 20
ORBextractor.minThFAST: 7

#--------------------------------------------------------------------------------------------
# Viewer Parameters
#--------------------------------------------------------------------------------------------
Viewer.KeyFrameSize: 0.05
Viewer.KeyFrameLineWidth: 1
Viewer.GraphLineWidth: 0.9
Viewer.PointSize:2
Viewer.CameraSize: 0.08
Viewer.CameraLineWidth: 3
Viewer.ViewpointX: 0
Viewer.ViewpointY: -0.7
Viewer.ViewpointZ: -1.8
Viewer.ViewpointF: 500
